row_names	input	filtered	denoisedF	denoisedR	merged	non_chimeric
DM000013V1PQ83	10585	9805	9610	9573	9137	8401
DM00001V1PQ1	15200	13325	13084	12968	12561	11845
DM00006V1PQ1	22449	15992	15783	15503	14859	13209
DM00007V1PQ1	10369	8890	8813	8731	8611	8528
DM00008V1PQ16	40034	37207	36866	36794	36305	35213
DM00008V1PQ26	14663	13561	13296	13275	12829	11601
DM00009V1PQ65	17741	15546	15391	15331	14971	14187
DM00010V1PQ54	20759	18342	18165	18102	17895	16788
DM00011V1PQ55	21728	18777	18584	18481	17969	17051
DM00012V1PQ1	55580	51468	50867	50896	49768	45928
DM00013V1PQ65	30988	26803	26443	26284	25715	24680
DM00014V1PQ3	34416	30876	30566	30495	29971	28261
DM00014V1PQ64	31372	28508	28310	28204	27633	18784
DM00014V1PQ84	18685	16945	16664	16620	16142	14801
DM00015V1PQ	34111	30223	30035	29885	29192	28073
DM00016V1PQ16	15465	14063	13838	13801	13482	12758
DM00016V1PQ26	35842	32320	31930	31831	31269	28341
DM00017V1PQ16	36382	32049	31615	31421	30594	29308
DM00017V1PQ31	50585	44801	44333	44188	42222	40450
DM00018V1PQ46	50506	45856	45229	45062	44179	43058
DM00018V1PQ74	40040	35431	34625	34492	33073	30957
DM00018V1PQ75	64667	56629	55766	55566	53676	51752
DM00019V1PQ16	45332	39683	38947	38677	36927	35008
DM00019V1PQ36	20947	18574	18332	18162	17706	15081
DM00020V1PQ16	40026	36007	35643	35544	34886	33428
DM00020V1PQ26	37231	33707	33343	33265	32343	31488
DM00021V1PQ11-12	37693	34860	34586	34517	33852	32518
DM00021V1PQ31-41	53436	48600	48090	47992	46871	45107
DM00021V1PQ55	54039	46952	46388	46150	44036	42123
DM00021V1PQ65	54822	49403	48891	48806	48013	46894
DM00021V1PQ74	24047	22434	22199	22100	21876	20709
DM00021V1PQ75	27220	24402	24139	23992	23552	22096
DM00021V1PQ84	36185	33550	33116	33049	32398	31555
DM00021V1PQ85	9849	9099	8799	8723	8246	7692
DM00022V1PQ16	18452	16265	15925	15826	15324	14430
DM00022V1PQ26	18038	16619	16343	16187	15774	14613
DM00023V1PQ16	10871	9921	9697	9644	9414	9017
DM00023V1PQ26	14212	12347	12162	12085	11864	11117
DM00024V1PQ16	9632	8574	8499	8442	8300	8092
DM00024V1PQ41	34385	31990	31772	31710	31386	30827
DM00024V1PQ54	22414	19585	19412	19387	19068	18581
DM00024V1PQ55	37901	34462	34275	34218	33711	32866
DM00024V1PQ64	42642	39224	38900	38772	38004	36602
DM00024V1PQ65	30120	26414	26215	26081	25634	25136
DM00024V1PQ75	29329	26338	26142	26122	25714	24844
DM00025V1PQ31-41	19217	17297	17152	17074	16819	16168
DM00026V1PQ65	34270	31105	30837	30666	30036	24646
DM00027V1PQ55	28278	23695	23486	23337	22596	22111
DM00027V1PQ65	26382	23410	23238	23120	22709	21953
DM00028V1PQ16	45051	39907	39578	39399	38606	36445
DM00028V1PQ26	40257	33303	33036	32709	32195	30825
DM00029V1PQ26	53963	48339	48008	47874	47408	46220
DM00032V1PQ55	57716	53048	52331	52182	50940	47845
DM00032V1PQ84	57191	51297	50557	50320	48631	44755
DM00032V1PQ85	56048	49878	49009	48738	47176	43535
DM00033V1PQ26	41588	35142	34708	34538	33104	32152
DM00033V1PQ65	64117	57489	56626	56585	54017	52337
DM00034V1PQ55	51388	45199	44519	44425	42157	40205
DM00034V1PQ65	61670	50884	50306	49969	48760	47522
DM00035V1PQ16	73901	68407	67763	67517	65709	64239
DM00035V1PQ26	61915	54716	53803	53683	52075	50112
DM00036V1PQ51	41870	37707	37455	37372	36811	36249
DM00036V1PQ52	27037	23832	23611	23491	22853	22248
DM00036V1PQ55	78339	69975	69081	68899	67339	65813
DM00036V1PQ61	42261	37362	36887	36734	35880	35221
DM00036V1PQ62	33729	29566	29265	29122	28392	27800
DM00036V1PQ64	50417	45111	44630	44433	43282	41648
DM00036V1PQ65	56060	49736	49329	49209	48022	47374
DM00036V1PQ74	32684	29306	29150	28894	28493	28389
DM00036V1PQ81	38374	32922	32679	32513	31293	30214
DM00036V1PQ84	55678	45264	44770	44606	43252	42317
DM00036V1PQ85	61349	54894	54361	54241	53117	52085
DM00037V1PQ11	30993	26126	25958	25851	25259	23965
DM00037V1PQ42	28226	22809	22517	22312	21588	20003
DM00038V1PQ36	32772	29679	29349	29224	28394	26918
DM00038V1PQ85	45487	40789	40412	40255	39159	38026
DM00039V1PQ11	77206	70794	69994	69911	68416	63798
DM00039V1PQ41	51679	41305	40867	40622	39409	37823
DM00040V1PQ51	78923	70899	70048	69954	67364	65437
DM00040V1PQ81	35684	30681	30471	30392	29766	28269
DM00041V1PQ26	66896	60151	59364	59150	57112	52746
DM00041V1PQ36	59110	53723	53114	53047	51193	47411
DM00042V1PQ55-65	56739	51204	50576	50500	49491	47208
DM00042V1PQ75-85	23000	20479	20267	20171	19363	16659
DM00043V1PQ63	14374	11164	11072	11065	10814	10416
DM00043V1PQ85	51061	44379	44166	44051	42777	42250
DM00044V1PQ16	58696	49597	49143	48977	48148	47840
DM00044V1PQ26	46498	38102	37688	37469	36637	34970
DM00044V1PQ55	71476	62517	61824	61622	59975	58694
DM00045V1PQ65	51561	46373	45978	45767	44671	41812
DM00045V1PQ75	50985	43526	43046	42848	41918	39215
DM00046V1PQ26	47418	40538	40070	40037	38671	35727
DM00046V1PQ45	12343	10337	10216	10134	9848	9209
DM00047V1PQ55	61392	55274	54847	54595	53949	51634
DM00047V1PQ65	70332	64000	63381	63173	61867	57306
DM00048V1PQ51	55441	45648	45239	45008	43872	43430
DM00048V1PQ54	61097	53963	53440	53295	50844	49843
DM00048V1PQ62	44784	40987	40705	40662	39558	39408
DM00048V1PQ74	22261	19562	19369	19206	18815	18747
DM00048V1PQ84	35118	32129	31899	31805	31349	30952
DM00049V1PQ11	46406	41361	40940	40767	39921	38898
DM00049V1PQ41	37637	31442	31097	30898	30034	28718
DM00049V1PQ55	49580	44067	43606	43448	42488	41311
DM00049V1PQ65	32314	28909	28626	28519	27622	27171
DM00050V1PQ11	58082	47382	46965	46834	45440	44184
DM00050V1PQ54	47554	43581	43177	43136	42065	41341
DM00050V1PQ55	58746	52409	51868	51645	50484	49590
DM00050V1PQ65	32887	28242	27980	27843	27079	26267
DM00050V1PQ75	38252	31304	30901	30680	29746	28978
DM00050V1PQ85	40122	33801	33477	33245	32418	31526
DM00051V1PQ11	61194	54614	54081	53991	51800	50440
DM00051V1PQ41	45803	39512	39213	39116	38164	37254
DM00052V1PQ55	58755	50726	50057	49799	47403	44853
DM00053V1PQ75	59458	51213	50821	50765	49850	49382
DM00054V1PQ31	39016	34582	34263	34168	32613	27267
DM00054V1PQ63	33638	29444	29320	29095	28444	24789
DM00055V1PQ55	51130	43595	43239	43190	42598	42052
DM00055V1PQ65	25534	21867	21735	21638	21418	21034
DM00055V1PQ75	52840	43751	43439	43310	41616	40784
DM00055V1PQ85	34028	27234	27071	26909	26650	26215
DM00056V1PQ36	49011	42235	41945	41882	40286	39619
DM00057V1PQ16	52070	46140	45876	45780	45065	44441
DM00057V1PQ75	58152	50583	50172	49989	48750	47857
DM00058V1PQ36	62209	57061	56415	56361	55178	53669
DM00058V1PQ74	62047	57232	56446	56526	55288	53786
DM00059V1PQ55	44995	40352	40174	40117	39827	39252
DM00059V1PQ65	50434	43103	42861	42732	41538	41420
DM00060V1PQ26	60810	54898	54258	54248	52460	49277
DM00061V1PQ16	46612	40563	40229	40083	39362	38535
DM00061V1PQ65	66746	57745	57182	57014	55847	54576
DM00062V1PQ55	32992	28009	27688	27546	26926	24795
DM00062V1PQ75	62607	56753	56123	56186	54542	52652
DM00062V1PQ84	59325	50555	50041	49884	48710	38248
DM00063V1PQ55	59397	49346	48764	48610	45903	43872
DM00063V1PQ74	35188	27553	27235	26951	26225	24873
DM00063V1PQ75	57551	51646	51189	51126	48806	46873
DM00064V1PQ16	47812	43129	42530	42496	41638	40750
DM00064V1PQ26	38093	34271	33770	33705	32840	32187
DM00065V1PQ16	40748	36005	35419	35418	34251	32077
DM00065V1PQ26	35862	31354	30875	30735	29769	28488
DM00065V1PQ36	27355	22395	21783	21543	20300	18871
DM00066V1PQ16	22289	19284	18916	18771	18033	17005
DM00066V1PQ26	32642	28671	28331	28167	27550	26979
DM00067V1PQ11	28522	23201	22848	22722	22103	20631
DM00067V1PQ41	47420	39633	39056	38796	37114	34636
DM00067V1PQ75	27535	22625	22315	22175	21532	19516
DM00067V1PQ83	49650	40460	39765	39655	37558	32536
DM00067V1PQ84	39996	35155	34726	34544	33421	32019
DM00068V1PQ53	9562	7759	7667	7633	7485	6870
DM00068V1PQ75	6228	5351	5270	5250	5120	4384
DM00069V1PQ53	25100	22659	22430	22389	21750	20788
DM00069V1PQ83	36210	31988	31735	31626	31091	30266
DM00070V1PQ16	44484	39595	39035	38803	37344	34578
DM00070V1PQ42	41714	37338	36727	36511	34788	32409
DM00071V1PQ16	42100	36784	36063	35909	34694	33841
DM00071V1PQ26	47829	43820	43139	43045	41089	39586
DM00072V1PQ11	32076	27258	26903	26662	25680	25214
DM00072V1PQ31	41764	37484	36966	36913	35804	34680
DM00072V1PQ46	43656	37902	37306	37135	35709	33687
